spikeID	RNA014934	RNA014935	RNA014936	RNA014937	RNA014938	RNA014939	RNA014940	RNA014941	RNA014942	RNA014943	RNA014944	RNA014945	RNA014946	RNA014947	RNA014948	RNA014949	RNA014950	RNA014951	RNA014952	RNA014953	RNA014954	RNA014955	RNA014956	RNA014957	RNA014958	RNA014959	RNA014960	RNA014961	RNA014962	RNA014963	RNA014964	RNA014965	RNA014966	RNA014967	RNA014968	RNA014969	RNA014970	RNA014971	RNA014972	RNA014973	RNA014974	RNA014975	RNA014976	RNA014977	RNA014978	RNA015236	RNA015237	RNA015238	RNA015239	RNA015240	RNA015241	RNA015242	RNA015243	RNA015244	RNA015245	RNA015246	RNA015247	RNA015248	RNA015249	RNA015250	RNA015251	RNA015252	RNA015253	RNA015254	RNA015255	RNA015256	RNA015257	RNA015258	RNA015259	RNA015260	RNA015261	RNA015262	RNA015263	RNA015264	RNA015265	RNA015266	RNA015267	RNA015268	RNA015269	RNA015270	RNA015271	RNA015272	RNA015273	RNA015274	RNA015275	RNA015276	RNA015277	RNA015278	RNA015279	RNA015280
LP1-01	1512	225	4669	322	631	3216	648	6148	3388	5810	385	1651	6899	251	1191	3305	2696	3152	634	5419	266	10247	1828	1279	13092	333	1702	4725	1930	8802	3012	988	5694	94	36	1131	11999	923	4256	1931	4285	610	4460	506	8428	2285	1076	1672	979	125	1454	970	655	1422	770	1069	2318	919	458	1660	3296	601	409	205	1050	1256	671	1389	596	724	1313	561	785	1171	885	1220	1404	559	1475	952	803	1052	700	906	880	78	1998	574	1836	2182
LP1-02	62	9	100		14	81	36	75	83	93	14	12	111	2	53	62	52	92	38	76	9	202	116	51	298	8	65	79	60	159	62	19	215	6		15	77	13	90	40	76	48	133	22	131	39	14	53	39	17	32	56	17	43	32	27	85	33	18	41	65	8	8	17	19	36	25	50	15	7	15	10	13	36	20	61	31	17	24	4	29	34	29	19	17	7	49	42	54	29
LP1-03	209	41	542	21	77	356	117	819	456	725	77	257	1114	32	279	553	369	431	126	845	74	1406	276	202	1865	62	234	788	325	1184	223	163	1050	16	44	152	1541	159	423	358	642	118	716	78	1198	420	165	283	179	88	248	133	117	384	151	169	328	143	84	250	475	101	105	192	191	237	139	203	108	155	187	97	96	186	170	182	213	98	204	156	118	179	154	140	117	56	242	121	266	346
LP1-04	10	8	50	25	12	31	16	64	65	132	8	13	172	6	16	77	26	56	17	102	6	88	14	21	217	3	35	82	44	105	67	15	74	43	5	15	182	26	110	31	72	36	96	10	145	39	22	34	16	8	22	18	7	9	8	11	39	20	4	24	22	7	6	27	31	40	13	31	8	11	17	24	17	11	14	12	10	16	29	6	18	14	18	5	15	3	31	10	20	22
LP1-06	3015	524	8269	1014	1661	6104	1637	11183	6804	10889	889	3523	18265	729	3989	7061	4999	6814	1632	11435	807	21694	4189	3404	27402	986	3856	10815	5379	20844	5712	2373	15258	474	319	2665	25110	2520	8312	4898	9796	1759	10974	1548	19389	5956	2972	4932	3069	1070	3246	2153	1564	4621	2318	3008	6029	2689	1088	3751	7336	1522	1570	2445	2801	3515	2047	3084	1424	2353	3477	1768	1968	3885	2495	3430	3184	1887	3950	3607	2458	2848	2499	2165	2322	599	4832	2373	4412	5206
LP1-07	2096	490	6358	464	1287	4694	1113	8995	5818	8697	679	2565	14360	433	3119	5196	3743	5445	1338	8181	658	17396	2859	2939	22652	828	3050	7504	4636	14966	3998	1737	12559	299	372	2081	19805	1962	7529	4130	8079	1485	9662	1033	14096	3583	1692	2660	1668	905	1916	1351	835	2364	1503	1660	3500	1451	718	1790	3505	947	1077	2008	1846	2343	1342	1993	803	1169	2324	1085	1237	1851	1697	1936	1720	1052	2422	1473	1334	1482	1583	1346	1383	584	3024	1389	2812	3554
LP1-10	263	34	662	28	145	502	133	931	589	915	91	296	1516	30	387	541	401	553	146	880	70	1712	345	356	2297	87	323	857	472	1650	414	208	1263	15	40	276	2048	238	825	382	785	166	1067	116	1459	455	222	333	163	85	178	129	112	269	184	193	321	145	78	267	491	106	111	174	227	243	137	215	97	136	207	121	117	154	221	220	224	114	213	195	143	194	149	122	129	92	360	132	309	399
LP1-11	318	61	671	117	165	524	155	677	690	1161	97	321	1129	57	354	530	522	522	101	669	57	1149	294	214	1338	89	263	613	434	1083	266	138	693	105	26	155	1447	148	446	306	564	110	739	50	965	376	184	342	235	119	329	229	160	289	160	196	525	200	135	401	718	125	85	188	251	253	220	355	140	178	317	158	142	320	207	367	370	171	261	199	266	286	235	262	229	97	515	135	386	495
LP1-12	13	3	63	4	22	31	18	145	33	101	6	16	97	5	57	38	25	79	20	63	7	137	18	33	349	7	30	61	40	142	27	19	108	2	1	27	196	9	100	41	113	30	126	17	102	36	13	26	16	8	12	10	8	16	8	31	31	18	2	23	35	8	18	20	16	22	10	17	6	15	16	14	11	20	18	9	25	13	12	14	16	7	10	8	10	8	41	22	20	23
RC1-01	16	9	3		37	34	35	8	5		19	12	17	10	22	34	25	14	25	6	12	13	24	32	14	5	21	21	20	1	38	10	25	2	24	20	28	10	11	4	6	37		20	9	46	27	37	35	15	28	18	25	41	18	20	84	40	14	20	59	14	15	29	28	39	21	28	13	14	33	14	16	14	27	45	26	21	25	18	17	25	18	26	37	12	73	10	46	64
RC1-03	17	21	9	3	28	24	17	10	12		13	21	14	26	30	38	12		13	8	12	2	26	5		1	19	32	25		31	6	14	17	10	7		13	20	10	6	23	25	13	19	40	19	19	24	6	17	17	16	27	27	24	38	13	20	16	52	16	27	22	30	25	6	21	18	8	39	15	12	24	13	25	28	11	39	29	12	12	11	18	12	6	46	26	47	43
RC1-04	11	19	10	8	9	25	13	6	6	18	24	8		22	12	31	12	5	27	7	14	16	39	16	13	1	13	29	26	15	14	7	33	3	11	30		11	3	23	6	3	15	8	30	39	13	54	13	3	58	23	16	19	17	38	54	14	14	28	155	4	14	16	18	26	36	25	17	15	49	21	37	28	18	19	30	14	41	42	15	37	24	27	27	14	45	21	80	68
RC1-06	147	85	136	66	236	253	208	153	180	91	139	129	165	71	211	230	131	37	172	102	107	93	232	132	190	17	205	203	81	145	112	60	367	86	34	78	102	69	178	175	126	370	202	80	233	246	119	213	140	28	195	146	86	205	97	112	529	125	58	274	616	58	58	30	184	141	105	273	79	154	265	91	147	224	112	217	220	115	193	127	168	281	126	211	189	14	474	114	435	436
RC1-07	1425	1286	587	805	1582	1881	1895	718	752	425	2181	866	515	1003	1062	2549	1193	188	1160	650	940	681	1643	551	508	286	1245	1231	769	407	616	556	1426	487	672	719	893	532	700	1286	692	1290	757	798	1259	3570	1987	3591	2177	1332	2949	2059	1478	3052	1628	2116	5319	2180	1268	4185	7139	993	1061	1960	2448	2715	2104	3330	1559	1711	3188	1720	1593	2961	2168	3190	2865	1718	3520	2249	2292	3227	2161	2499	3032	1033	5206	1235	4293	4980
RC1-09	1832	1473	1377	1470	3123	2643	2925	1844	1187	1170	2640	1415	1953	1381	2294	3864	1735	794	2009	1329	1558	2202	3235	1954	1268	577	3223	2811	2015	1509	1669	1235	3693	2090	925	1517	1776	1051	2235	3093	1776	3710	2203	2071	2654	5671	2723	4466	2437	906	3155	2302	1455	4083	2638	3197	6769	2673	1261	3618	6060	1353	1558	1954	3102	3397	2296	3563	1607	2064	4370	1947	2156	3357	3144	3490	3952	1693	4402	2773	2549	3057	2878	2778	3267	467	5914	2283	5057	5859
RC1-10	1207	1031	608	1385	1874	1806	1862	788	836	841	2065	971	982	984	1425	2119	988	235	1371	670	1112	886	1774	938	799	300	1662	1495	1050	674	829	580	1864	1368	629	803	1087	432	1106	1623	926	3124	1347	1041	1522	3959	1908	3248	1905	960	2483	1973	1345	3047	1646	1830	4504	1918	974	3304	5856	889	949	1580	1924	2383	1741	2826	1389	1571	2874	1503	1216	2452	1943	2652	2663	1358	3132	1695	1764	2445	1602	1935	2615	686	4523	1324	3272	3483
RC1-11	152	193	84	164	182	221	202	81	80	59	238	86	106	111	151	402	127	51	151	92	115	123	206	102	149	43	191	203	109	40	117	128	260	404	109	75	138	79	168	195	116	379	130	138	220	447	259	425	250	121	322	210	168	355	189	260	682	313	92	300	620	80	115	282	286	393	219	327	150	222	394	220	197	348	299	372	314	216	436	271	225	322	276	325	329	99	515	218	528	645
RC1-12	119	119	58	80	183	196	137	40	53	42	193	70	99	94	109	290	108	37	89	67	64	55	120	49	71	38	144	133	119	60	87	76	123	81	104	110	90	65	102	161	93	144	70	83	198	509	269	452	204	168	259	177	130	377	200	276	509	173	120	289	624	134	134	211	234	244	229	263	144	178	330	150	175	294	275	332	274	138	353	207	189	277	219	242	208	111	479	168	460	462
RC2-25	128	126	49	92	170	219	198	68	63	84	193	95	35	110	103	257	121	3	126	44	110	58	153	75	48	19	142	205	114	71	77	55	165	24	79	94	103	64	88	163	114	145	52	123	196	369	199	347	195	116	278	183	150	291	186	226	436	195	95	339	636	106	119	219	234	242	212	279	155	181	363	140	145	300	194	260	312	162	289	205	171	245	130	231	267	62	489	97	419	484
RC2-28	106	71	35	114	182	219	172	126	95	115	131	129	177	55	244	260	125	46	145	79	96	94	192	105	134	17	233	240	147	96	148	51	319	161	61	90	124	59	170	223	157	378	216	114	141	270	95	208	92	48	134	99	79	182	77	166	306	86	73	200	347	58	57	111	156	119	112	143	79	99	232	87	79	161	133	153	213	54	195	101	85	142	88	155	67	42	295	104	253	331
RC2-34	31	51	23	21	35	49	19	26	10	17	32	40	13	36	31	86	38	14	16	10	14	18	22	6	11	2	26	48	26	13	50	42	130	17	22	35	41	12	33	47	55	31	50	18	117	66	36	63	15	26	38	35	12	55	26	27	99	25	4	38	59	22	20	27	34	23	26	37	21	12	39	33	25	33	47	34	61	20	33	15	25	30	32	26	36	16	93	30	94	70
